29143816	Vandeputte 2017
34795283	Vandeputte 2021
31209308	Viera-Silva 2019
35130830	Dreier 2022
39572788	Pereira 2023
37938658	VandeVelde 2022
33654104	Liao 2021
33594005	Marotz 2021
27329048	Stammler 2016
35927748	Krawczyk 2022
39364592	Alessandri 2024
30666957	Contijoch 2019
37106038	Maghini 2023
32433607	BMIS-MetaCardis (Vieira-Silva 2020)
34880489	MetaCardis (Fromentin 2021)
35177860	MetaCardis (Forslund 2024)
26435270	GALAXY (GALA-ALD 2016) 
29317276	GALAXY (GALA-ALD 2018) 
34118335	GALAXY (GALA-ALD 2021) 
35654907	GALAXY (GALA-HP 2022) 
36849086	GALAXY (GALA-HP 2023) 
29482588	GALAXY (GALA-RIF 2018) 
36893774	GALAXY (GALA-RIF 2023) 
34401690	GALAXY (AlcoChallenge 2021) 
34845832	GALAXY (AlcoChallenge 2022) 
37344168	GALAXY (AlcoChallenge 2024) 
37592403	GALAXY (AlcoChallenge 2023) 
35212643	GALAXY (HCO 2022) 
37049431	GALAXY (HCO 2023) 
21529264	GALAXY (GALA-POSTBIO, GastricBypass, HOLBAEK 2011) 
29105936	GALAXY (TIPS 2018) 
31448496	GALAXY (TIPS 2020) 
33665588	GALAXY (TIPS 2021)
33659891	GALAXY (TIPS 2021-2)
38868437	NA
39462312	NA
35365767	NA
39469457	NA
38650647	NA
33627867	NA
32265316	NA
39427011	NA
34292157	NA
36906688	NA
29904073	NA
28743816	NA
38868349	NA
39539550	NA
37509067	NA
39359400	NA
37957272	NA
35140695	NA
27980100	NA
36317886	NA
39386005	NA
38395981	NA
31308552	NA
39458307	NA
37657523	NA
38816402	NA
26811868	NA
31940382	NA
38868437	NA
33232664	NA
34794510	NA
20844569	NA
29921326	NA
32444602	NA
36691592	NA
29576979	NA
27612291	NA
30518681	NA
31927795	NA
39487198	NA
38744972	NA
37627387	NA
36174236	NA
22931831	NA
28967885	NA
35194029	NA
23101633	NA
26512100	NA
24060124	NA
19321416	NA
24259713	NA
23898195	NA
29174952	NA
21596954	NA
32850498	NA
28275097	NA
33404537	NA
30552195	NA
32531278	NA
32405027	NA
34480872	NA
34183063	NA
31836840	NA
36516223	NA
38925544	NA
33996619	NA
33594005	NA
40038838	NA
